48
49
256
257
256
258
48
262
259
258
49
266
263
264
259
267
267
265
269
266
257
264
262
261
279
268
270
278
278
275
260
284
265
273
284
275
291
260
277
283
261
276
293
279
292
286
301
277
292
297
276
270
271
272
306
268
311
309
303
281
306
304
313
302
288
293
285
273
304
298
295
315
281
286
316
329
297
283
314
322
295
307
305
296
285
310
305
282
338
311
298
332
320
328
333
350
308
294
321
333
341
328
335
272
327
310
289
355
287
300
359
274
340
271
325
335
290
291
369
358
366
296
326
316
269
345
369
345
331
361
299
307
323
299
329
263
390
324
282
388
364
332
359
392
318
301
280
398
373
308
383
368
391
380
394
366
314
372
294
379
290
350
402
372
399
340
388
379
365
408
377
317
387
343
383
370
408
374
396
341
428
339
360
352
425
434
394
401
391
432
398
351
373
362
410
321
427
288
405
356
411
300
336
429
425
393
409
349
322
397
382
444
446
387
378
435
364
432
287
320
465
444
289
409
337
318
442
454
367
390
418
458
404
357
464
468
416
309
477
393
418
404
324
474
464
280
416
384
397
502
334
429
414
487
453
406
421
431
302
313
456
400
354
454
384
395
315
342
513
462
522
451
512
467
381
459
437
375
371
465
457
469
325
467
457
445
326
351
445
482
439
492
424
493
376
515
380
354
422
486
538
500
443
338
415
303
546
556
402
479
346
492
449
483
529
462
411
357
522
523
474
453
552
342
493
336
527
423
337
392
581
446
514
504
374
488
570
348
481
536
417
451
478
371
389
530
355
353
574
414
330
443
494
401
344
460
413
597
312
590
506
565
596
433
471
363
485
403
608
575
348
602
576
417
584
566
353
561
630
623
553
358
413
334
582
469
405
581
597
589
510
437
426
549
531
551
377
381
611
628
428
482
473
346
352
382
343
421
347
615
459
480
650
632
657
540
588
598
450
527
430
509
662
565
498
615
652
606
410
649
636
330
649
603
627
648
600
510
448
612
647
693
660
323
519
460
403
674
537
498
478
542
533
448
407
552
659
505
678
539
660
590
532
654
456
477
543
548
412
709
653
419
496
434
406
499
716
458
622
706
538
327
607
591
554
602
317
588
534
389
685
720
529
621
577
629
630
505
730
526
658
312
756
650
740
435
642
386
347
396
712
556
605
614
742
750
344
580
566
472
517
494
708
720
616
547
593
675
695
577
571
743
637
638
370
664
609
368
764
489
734
694
564
771
476
569
757
763
583
765
767
596
682
619
439
549
626
669
365
625
741
790
592
576
274
473
702
528
798
531
621
813
820
598
721
331
518
356
691
614
463
661
518
638
793
727
557
500
772
726
539
756
765
664
466
572
497
442
431
709
385
589
361
689
501
761
777
580
661
705
790
853
339
376
816
587
415
741
852
523
687
835
791
412
727
760
732
489
656
723
502
868
514
541
447
687
794
526
856
504
447
835
707
662
618
606
613
860
349
888
826
718
736
750
553
831
711
802
686
853
858
609
774
680
530
901
594
903
684
433
906
637
455
558
483
874
585
831
558
904
910
569
930
863
702
736
515
733
745
876
582
722
717
395
810
479
724
537
836
916
472
783
792
854
645
430
633
632
900
933
848
644
423
909
511
575
940
663
830
837
729
953
666
968
738
481
485
728
567
671
385
941
814
965
367
764
773
535
643
716
864
739
994
475
879
951
707
769
570
559
927
791
541
988
957
426
753
701
968
942
605
534
895
869
926
860
633
949
1018
691
488
490
673
911
640
745
647
951
708
618
593
641
613
991
694
916
858
678
681
715
862
871
722
907
829
942
629
1011
962
960
911
688
768
880
986
536
922
436
441
770
564
610
1029
528
843
829
974
698
399
913
899
631
811
480
1072
1061
701
586
631
653
641
642
963
1087
849
1014
743
785
748
668
440
516
762
375
378
1083
819
657
419
925
832
725
547
689
561
943
772
497
1096
735
892
1064
551
1006
928
1003
1069
995
619
816
886
711
985
934
1028
450
867
546
851
591
891
1096
852
933
874
814
855
1025
910
422
424
789
1104
936
600
635
484
840
1102
888
937
846
731
757
540
950
1113
876
725
400
990
1007
935
622
516
718
679
1161
1075
963
360
574
470
1038
903
440
542
954
894
1123
755
667
499
503
1041
978
520
848
742
471
1005
674
604
1177
685
1159
771
1085
1140
820
1073
804
1079
1012
1190
1171
899
996
902
1060
1058
781
468
1213
921
1079
800
822
713
608
838
578
904
1163
1100
1205
625
864
676
775
697
967
560
850
1026
1095
1157
1166
506
1145
1174
601
690
822
1213
1189
1037
752
955
604
828
579
617
929
958
990
362
873
1153
986
798
832
1188
805
1221
407
782
1108
1176
809
666
438
1179
490
788
1053
863
961
999
626
877
868
1197
1238
821
1011
1291
1240
821
1099
1147
1141
849
586
1060
1068
932
1230
724
830
1268
659
977
1208
1144
856
737
1053
543
1301
1168
1110
652
1094
846
761
1047
748
1201
1267
956
962
803
810
1101
1290
851
673
915
925
924
973
796
884
969
1282
592
623
747
1227
950
1149
953
1085
521
766
520
1027
386
441
1352
1299
655
449
1013
1005
699
1167
1087
1287
1181
1153
1342
877
732
973
571
872
975
733
871
1336
1187
1282
535
1110
1142
507
699
1094
938
627
778
841
1031
511
470
828
1287
436
550
1313
1381
1070
1040
1007
1073
1318
961
663
455
584
512
484
838
785
583
794
1244
890
775
578
1240
1257
1239
1004
1065
1196
978
1162
1031
1067
1350
802
427
572
866
834
610
945
1145
1113
1362
1036
956
1312
1148
1023
1097
1008
1354
976
1334
1277
1284
1203
1407
507
1256
1026
319
1252
1033
1304
964
1188
1133
941
1183
1253
792
1218
1391
486
557
1266
1018
1371
1056
1209
1455
587
721
1220
1437
1091
1293
1082
1405
1453
1456
695
1051
1112
1268
1380
1478
889
559
729
766
1194
1106
970
881
797
992
1035
965
1446
1138
646
599
1180
487
1400
1311
744
833
898
1375
508
1148
746
1012
644
1403
1260
1522
1198
1370
624
944
1090
1275
1124
1257
1294
1066
599
1131
1004
1217
524
1321
1319
563
1323
1045
1390
1259
1362
1458
1307
1108
1001
923
1160
1093
1313
983
1400
1314
1134
895
1515
420
1233
915
839
1158
875
1112
620
984
1086
1139
1124
1071
752
787
1218
1243
496
1501
1436
1469
1526
1581
1329
1433
712
670
1343
1106
560
914
1061
1408
948
932
1567
475
1411
501
719
706
971
793
1239
1346
1099
1583
800
1291
636
824
1300
1284
595
837
1097
1152
947
1043
1456
1086
1508
1135
1339
1039
1228
926
1452
1261
1040
1365
1585
616
683
1069
767
1370
1184
1466
1333
1151
1066
1245
1616
1379
1621
988
1231
1602
1129
1359
1334
1508
1281
1429
509
805
648
683
1587
847
997
1384
1354
717
1279
994
891
1484
1352
1580
921
1045
1000
710
1633
1226
634
773
1137
755
1316
1308
319
1549
1022
1494
476
1314
751
1327
562
1639
1536
545
784
700
1361
1627
1437
693
1269
982
1279
892
931
1647
982
783
1105
1572
1433
979
1326
1383
737
1629
688
819
1600
1560
517
466
1305
984
1614
1616
1392
949
1574
1665
749
1710
612
859
1230
1384
1216
776
1512
1689
1434
1098
1701
1670
1160
550
1455
959
1415
731
1607
1083
1017
1233
1333
1729
1348
1357
1028
1509
1631
1089
654
1752
1478
1131
1497
928
971
1735
1534
1205
1324
1690
993
1629
1369
1724
1126
1748
1253
1395
1164
1507
817
799
861
1255
1206
1076
768
1222
795
1150
1317
544
620
884
525
1462
1674
1178
1580
726
1648
1211
1072
1174
710
1602
1677
700
1682
1730
1795
1535
1816
1595
1373
1298
1039
1425
1680
1798
1483
1501
1759
1696
774
676
1311
1320
1517
567
1410
1021
1149
568
901
883
989
1191
1440
1212
873
1144
554
1409
1088
1280
927
1104
1666
811
1562
1223
1431
944
1102
882
1192
1236
812
463
1114
1518
1685
948
651
1192
1476
1122
1327
1023
1538
677
919
568
1657
1319
1844
980
1669
1126
1150
1632
1249
1222
1430
1190
840
1419
1839
1444
1480
667
1531
1441
665
628
532
1535
823
1368
461
1607
955
1271
1643
579
958
1628
1723
1182
1114
1304
1635
896
734
923
1840
807
1598
1519
1856
866
1512
1121
1637
957
1297
1499
639
1850
1146
1486
885
1439
1738
1049
1546
869
1891
883
1937
987
872
839
1215
1387
1024
1596
1467
1726
1562
601
1595
1234
1838
844
817
1078
1899
1182
1489
1676
843
684
1178
672
981
1692
1867
1426
1840
940
749
1009
797
1545
1913
1431
1120
1790
1950
1337
1549
1641
1565
1412
1850
1225
1554
886
1678
854
1590
1335
1568
1716
1814
1871
1780
1492
1438
1262
1469
1242
1367
1034
1498
1002
2008
1654
1339
1176
887
1714
1183
1177
1533
1898
1951
1862
1394
1100
826
1336
1328
1353
1241
1008
1136
1558
833
1673
1912
1887
878
1405
1432
2005
1753
917
1349
1514
1036
878
966
521
1135
1550
1375
1837
1630
735
1948
1090
503
1972
2041
1546
1917
1002
981
1652
808
1127
1234
1406
1900
1930
1078
1733
1817
1748
1389
807
1604
1916
651
1939
1165
762
1273
1263
1141
1523
1237
1388
1212
1472
1381
1767
1745
548
1056
1345
1893
1804
1376
1649
1920
1195
1661
491
1668
1615
777
1360
2012
1084
1683
879
918
1371
2000
655
823
1929
1256
967
818
870
1681
1566
1420
1702
1856
865
2069
1452
897
1812
1252
1274
1818
836
1997
2112
2046
1271
1517
1019
1206
1038
1797
2118
2019
461
1404
1129
703
2145
999
1706
1527
1542
1435
1290
573
1123
1107
1878
1393
704
634
1074
452
1173
1780
2173
1663
905
679
897
1382
908
1470
1747
1680
1067
562
1539
1653
2029
2060
2049
1936
1736
1025
1295
1596
2178
1970
1543
893
1137
1944
1052
1494
920
1477
1685
1831
746
2050
1533
585
1200
1904
1606
681
1693
2080
1927
2081
847
2073
1723
1563
1074
1725
1430
763
1158
758
1884
1618
2062
1197
2087
2022
2070
1044
697
1017
1509
675
1583
1966
1225
2110
1269
1309
1842
1299
1793
1994
1516
1700
841
1427
1598
2107
1774
1943
1832
1120
788
1264
753
1764
2037
2042
867
1486
1355
1830
2024
1964
2189
1236
1985
2213
624
1636
1604
1800
2148
1037
1180
2094
1402
2160
2174
1894
1366
1484
2144
1644
2241
1248
1899
1298
1721
1262
1488
672
1246
1816
782
1828
1235
2144
1811
2184
1734
2139
1122
1812
728
1818
995
1587
671
2176
850
1581
1330
1577
1416
1242
1292
902
1495
1833
1463
1350
1969
1249
2229
677
2232
744
1450
2203
1921
919
2137
1347
1289
1848
1227
2227
2226
2090
1994
1705
2320
1046
1806
2108
1973
1865
1872
1226
2111
1981
1930
2142
2268
2096
1968
1869
1219
809
1515
1792
1185
1399
1424
452
1202
1709
1841
2248
2331
1688
2007
1440
1331
1385
1875
2146
1784
993
1285
1479
1768
1725
1902
1911
880
2394
1435
1676
1255
2304
2266
1836
1762
544
1610
1445
1514
2164
1622
1756
1404
2171
1903
1942
1722
1662
1401
1678
1945
931
1743
1187
2029
887
2303
1152
2037
2099
1288
1560
1159
1973
1380
2215
1307
2392
1907
1449
1825
2360
1474
1709
2357
1009
1302
2425
1358
2270
779
834
1576
991
1168
2028
1590
2193
1592
1358
603
1743
1521
1898
1717
1502
1532
952
2136
787
905
1013
1521
2111
1664
508
1823
2160
2314
1340
1481
1407
1983
1127
1027
922
2449
1294
2119
1919
2312
1567
844
1051
1035
1859
2292
1788
2361
643
1466
1909
495
1657
2267
2206
2165
1162
1364
1949
1482
1092
682
438
875
2028
2399
1635
665
1740
1557
1063
2431
857
2416
1988
2083
1050
1223
954
1866
1161
912
2518
1836
1216
1826
1068
1529
1558
1247
1166
1387
2513
1403
1699
1189
1682
1548
1498
1297
1841
2460
680
1571
970
2545
1423
1258
1465
795
2292
1853
1329
2216
1969
730
2550
1364
640
2552
1293
2296
2337
1589
2495
2436
2246
2432
1733
639
1318
1540
1846
1659
2180
2544
2083
2541
1320
2334
1671
2320
1014
2588
1777
939
2378
1889
2290
1285
1674
2239
1660
796
1621
2287
1597
1003
1884
946
1118
2199
1781
2123
1618
1594
1534
1228
2017
2605
2093
2061
611
1165
2377
1423
983
2254
1735
698
1874
1611
2385
1511
1379
1042
2002
2310
1917
2048
1717
989
2230
1081
2127
2513
2484
1250
2557
1712
2623
1155
2585
2133
1323
1615
1531
595
1493
1634
2308
2124
1413
1199
1169
1864
2589
2256
2645
2462
2482
2138
2605
2340
2612
2283
1059
2630
2389
1679
1118
1454
1977
1671
2027
2035
715
747
1576
1708
1461
2205
1416
1670
2260
2204
2011
2407
2413
2366
1543
2134
1194
2630
1209
1392
1741
2576
907
979
1626
2128
2516
2212
2032
2698
2534
2535
2493
1136
2488
2244
1801
1978
696
2395
1091
1640
2625
2447
1796
519
2526
1570
2557
1128
2472
2117
1874
2504
2359
1408
2294
2527
635
2148
2354
754
1722
1573
1996
1720
1614
1656
2421
1351
2681
2074
2436
2167
2608
1609
2443
918
2014
1140
2487
2419
1626
2346
804
2019
934
1984
525
2725
1800
937
786
2463
1454
2493
2054
1335
1566
1524
2453
2613
1694
2107
2163
936
1912
2118
1835
1935
2411
1706
2522
2489
2487
1784
2457
2576
778
1553
1030
2623
1814
1306
1946
2262
1785
2759
1886
739
2121
1665
2106
1059
2125
2382
2492
857
1922
2568
2198
1142
1772
1699
1782
2097
1542
2691
2165
1987
1436
1769
2024
1520
1600
1324
930
2014
1702
976
920
1541
2773
1569
1834
2375
1771
2201
898
1724
825
1511
1611
2440
2706
2577
2634
1121
2483
1556
2663
690
2469
2646
1155
1897
2710
2580
714
1849
2652
2802
2281
1639
1198
2569
2512
2500
2207
1082
1052
1263
2188
1599
1530
2352
1971
1101
2816
2607
2589
1771
2154
2243
2742
2075
1434
2499
2055
1507
2050
2004
2466
1201
2108
2738
2795
2414
1579
1265
2091
882
1378
1686
2501
2854
2708
855
1687
1105
2463
1525
2153
2152
2919
2030
1138
1265
2307
2760
1337
2508
2327
784
646
692
2051
2658
2277
1401
1530
1442
2313
2688
1634
1030
1981
2554
2765
2543
1860
2123
2494
974
2868
2742
1952
2650
1876
2631
1382
1926
1516
1746
2015
1916
1544
1065
1584
1767
2629
998
2203
2596
2816
2655
1283
1309
1015
2651
2038
2156
1962
1901
2481
1765
2676
2168
2691
696
1034
1513
1996
1597
2805
2207
2528
1799
1211
2433
1385
1776
1326
2888
2313
2579
2157
3013
491
2078
2571
2106
1870
1077
2098
2779
2610
1366
1115
555
2871
2847
1729
2818
607
2365
2183
2332
2339
1658
2676
2910
1044
2167
2001
2566
2830
1707
1664
1541
1953
2288
1747
2599
3025
2499
1081
1473
1564
1214
1666
1886
2390
2747
1956
2176
2859
1471
2437
1214
943
2764
2034
1410
1910
1691
1409
2827
2892
2678
1789
2667
1438
2918
2405
1992
1021
2039
3034
1858
1235
1861
2325
1977
1412
1330
1251
2258
2268
2962
2784
2524
2512
2263
2178
2143
2173
1495
2376
3078
3026
2763
1798
1719
2440
1414
1904
2662
1041
2982
2472
1728
824
2047
2841
2280
420
1867
1372
2163
1373
2269
1751
2126
2751
1261
2959
1022
1650
1858
2197
1721
2824
3030
2961
3113
977
1157
1737
1895
1863
3111
2401
1146
1789
2719
2116
2101
594
2116
2497
2851
1821
1728
3021
1029
3031
2819
3121
1711
2317
1902
1624
1648
1133
2086
3135
2093
2780
842
2752
3067
992
2863
2367
1831
2414
2158
2229
1210
998
2849
769
2997
1931
1254
1692
2042
2847
656
1963
2792
2423
1537
513
2530
1638
1016
2500
1962
1766
1317
2710
1474
1348
3134
1786
1998
3083
808
1527
2398
1402
1482
3150
1925
3073
1488
3194
1833
1353
2251
815
1042
1193
2158
2508
2431
1713
2818
2802
908
1662
2906
2409
2462
2185
1688
1477
2697
1658
917
2333
1929
2772
3251
363
2222
1696
1367
1510
1805
2820
1866
1619
3260
2000
2267
2658
3168
1443
1343
2916
1672
2911
1656
1923
2478
1396
2004
2468
3268
1806
893
2208
1258
2282
3054
1111
1879
1361
2937
1154
946
3079
3081
2220
1998
2402
1565
2811
1202
3139
3279
1033
3202
1075
1048
2749
2904
2135
938
2450
2563
2152
1928
2716
813
2608
2240
1579
1281
1208
2484
3253
1878
1795
3116
3225
2251
3162
1295
2361
2147
1272
2157
2793
1854
3255
2960
2732
3031
2211
2651
2776
1605
1296
3093
2744
2400
1921
3294
1411
1964
2996
2530
2886
2893
2560
1755
2711
1925
658
669
2367
2678
2821
1574
3174
2353
2420
2474
1356
1536
2546
2581
996
2535
2687
1171
2252
2120
3099
1903
1935
3099
3311
2459
3122
3040
2541
2531
1623
2005
3191
2038
2124
2914
1669
2483
1794
2475
2205
815
1809
1770
3212
1528
2583
2309
1446
1139
2091
1428
885
2832
2299
2278
1274
1987
975
3082
1006
3340
3273
3058
2877
2218
3163
1701
1738
3179
2329
3260
3327
1906
2365
2810
2199
972
1960
1264
1459
3349
1522
3057
2475
1704
2668
2768
2632
2291
3338
2210
713
3035
2343
1890
2063
889
3181
1697
2455
2808
1842
1638
3045
2056
1644
2934
1655
2190
2808
1047
2621
1238
1221
2270
2829
1199
2950
3149
3318
3193
2629
1529
1585
896
1970
3230
1332
2534
2791
1967
3194
1504
2904
1300
924
1503
1117
1627
1734
3147
2006
1071
3366
2942
2451
1063
1186
2520
2351
1575
1325
2841
3079
3094
3279
2620
1837
1810
3309
2915
2224
2491
3290
1923
2427
3310
2358
3484
3321
3187
3408
2316
1978
3112
1757
2540
3492
2621
3135
2537
2390
1763
3497
2461
1195
2745
2498
1667
2056
2703
1744
2911
1015
1905
1749
3545
2855
2072
2185
935
2453
2987
1064
3290
3392
3127
2977
2903
2294
3196
3177
3531
3486
1132
1395
3010
3227
3513
1651
3115
1547
1661
1760
2418
2044
1504
1220
2046
3488
3466
1847
1492
1822
3167
2835
1961
2817
3055
2863
1642
1697
2262
2978
2428
861
3525
1975
3214
1383
3219
2497
2517
3390
3072
3216
972
1024
3555
2949
1575
1985
3051
2604
1470
1544
2238
3396
3077
3220
3420
3476
2963
1791
779
3551
2937
2703
2061
3466
2369
2761
3409
2381
3240
801
1988
1847
2565
1062
2035
3442
3504
2350
1659
2680
1805
3264
1753
2184
3605
2001
3506
1603
1675
1913
987
1938
1389
3218
3171
2132
1421
1229
2828
3587
2142
2665
2652
1468
3389
2615
3210
3358
3527
2339
1418
1603
2741
2063
2909
3675
3491
3262
2587
1807
2958
3086
1181
3520
2673
2696
2616
906
3008
2704
2119
2690
2170
1417
3273
1915
2300
2301
3222
2201
645
3082
3369
1650
2429
1272
3448
2204
2458
2081
1578
2762
1966
1132
1303
2052
2228
2707
3170
1490
2829
3319
1647
705
2636
2131
2657
2686
1631
1868
2085
2696
3087
3231
2197
2161
2844
2952
1493
1584
2769
3328
1365
2080
3189
3678
3253
3566
1461
913
2335
2380
1623
1845
2625
997
2272
2045
3338
1363
2980
3398
3259
1301
2423
1089
2771
2485
2892
2473
2588
2469
2538
1077
2871
2649
1810
3375
812
2523
3159
3738
3155
2745
2566
2939
3650
2206
2227
1731
2601
1442
704
555
2931
1949
1267
827
3716
3101
2304
3721
2143
2887
1995
3597
2067
3266
2467
2182
1854
2890
1961
3200
2525
1689
1092
2273
2953
3124
3512
1532
969
3189
3233
3793
3427
2247
3440
1958
3760
2737
719
1620
3451
2261
1894
3271
2677
3302
3509
1594
3225
3811
3248
3532
2384
3647
2853
3808
3804
3423
1425
2752
1711
2280
3439
3192
1115
1413
2283
1200
2943
2020
1727
2596
2764
1419
3875
3329
3754
2766
3646
2470
1224
1892
1838
3874
2946
2581
2471
2647
3275
1815
2591
3375
3230
2027
573
2687
2434
3298
3464
2558
2585
1175
3655
3427
1865
1457
1859
2447
3799
2720
1342
2422
2231
2974
3005
3889
2016
2405
1487
2573
3626
3757
1163
3808
3244
2082
1741
2485
2159
2162
3625
1215
3255
1476
3560
1111
3029
3727
3217
2279
3171
3603
2003
3790
2427
2230
2225
2553
3540
2306
1472
2105
1125
1983
3829
3036
2873
1720
1175
2717
1605
1792
3809
3493
2699
2095
2759
1951
3430
1179
3324
3196
1448
2023
3372
3334
2327
3558
3571
3365
900
2131
2746
3759
3902
1777
3141
3402
1210
2504
1207
3472
1427
3350
1791
3352
2419
3818
2480
1955
3904
2098
3201
3347
1485
2720
3751
2922
1940
2392
3541
2139
2128
1943
3825
3009
2412
2930
3204
2298
3985
2784
890
2702
2654
1289
3726
2701
692
1459
3172
1054
2455
3221
3342
2941
1803
3708
1786
3702
1325
2916
4005
1645
1955
2523
2224
3564
3506
3804
4002
912
2756
4031
1919
2544
2425
3396
3062
3668
3417
2702
2208
3450
3523
1756
2307
3062
2364
3659
3162
2130
3777
2347
2885
3986
3334
2813
3187
2924
3151
1855
3221
2241
1667
1070
2013
3172
3144
3982
3212
2371
909
3402
1224
1995
2299
2122
1577
3113
3732
770
2538
1744
2753
3132
1640
2179
1855
2976
1151
3192
1321
3152
3214
3296
1554
2901
3064
3138
1825
4099
3223
2275
1397
1571
1797
3764
3719
1043
4028
2100
2211
1654
1203
3728
3564
3731
3354
3605
1331
1128
2901
1967
3083
780
1084
703
3588
3502
4112
4066
1441
2244
1881
1853
2248
3966
2398
3812
2095
1098
4020
3729
1426
2213
3015
2921
3374
2654
2382
2443
1852
3262
1911
2981
3398
2856
2247
3373
3140
3786
4115
1103
845
3862
1217
3871
2664
2337
3215
3272
2114
1989
1439
3937
2614
3575
2812
2828
3838
4122
2097
3788
2646
1170
2129
3336
1726
1746
3975
1396
2641
3975
2748
3432
4207
3482
1398
4145
4202
1827
3385
3459
2297
2190
3073
2600
4171
2155
2057
2962
2975
2026
2692
4129
3090
2170
2910
4142
3346
3504
2421
4186
2852
2736
3015
2600
2301
2261
3051
2925
4190
2272
2047
3737
4014
1984
1349
4217
3360
1356
1963
2181
3687
2034
2989
4116
3284
1276
2348
4162
2096
2140
4165
2800
1828
2797
1811
3092
2408
3943
3333
3962
894
2792
2200
2553
2762
3711
3335
3063
1821
3721
1564
1749
1487
3380
1125
2101
3959
1804
2542
4109
4294
1032
3712
1673
3321
3049
1582
3860
4025
1378
2041
4305
2076
1864
2373
3067
3518
2930
1032
4065
2503
3842
1774
1901
1691
1552
1568
1283
3008
3052
3156
4331
4252
2626
4248
1989
3559
3507
1750
2269
3763
2448
3155
2639
3023
1758
1684
2561
2432
3143
3781
1885
3038
1506
2856
1776
2568
2218
1376
3866
3768
2891
1843
2582
1848
4119
3425
2939
3683
1231
3169
1193
1302
4071
3281
1742
2627
3656
1927
1924
3123
3545
1764
1570
3935
1826
3436
2609
845
3897
3014
2823
3881
1765
3939
4002
1303
3970
2610
2592
1429
2867
2595
4297
2194
4304
1322
4382
1496
3088
3384
3289
4410
2062
3719
2928
1572
4139
2984
2593
4266
4035
3208
2324
2347
3681
1450
3642
3882
3848
801
2529
3040
1643
3785
1881
2058
1705
2940
3587
2616
3957
4197
3925
3332
3857
3424
3609
4174
1599
2217
3405
1518
1506
2689
1344
2263
2020
2550
4283
1232
2903
3397
2877
3451
4144
3351
4192
2209
3400
3859
3574
4063
2685
3110
1942
3036
3914
1505
3163
3892
3275
3687
3934
1857
3713
2999
2607
714
4076
3473
2926
3029
1447
2375
3730
3550
4416
4367
1979
2819
3132
2907
3990
3745
4288
1632
1237
4414
4073
2885
1959
3052
3415
2465
2894
1704
3780
3898
4104
2941
1846
3055
4128
2798
3264
3845
2578
2383
2704
3700
4501
1918
2465
3673
960
3837
2428
3331
3999
1766
3893
3883
2972
3487
2729
2435
4352
1119
3803
3268
2570
1156
2631
2196
2138
2994
4533
3011
4292
3417
1312
3429
3616
1164
4406
1420
3211
2980
4312
3756
2328
2089
3144
4012
3032
1054
4236
3463
738
2606
4362
3563
1783
1937
4238
1778
4212
1172
1254
4430
4434
2058
4521
4174
4094
2415
2767
2723
3186
3443
2594
2706
2927
3168
1823
4389
3785
3702
2990
1646
3602
1820
2532
2948
2387
2341
4035
2618
1415
1444
2228
4355
1453
4375
4431
4458
4093
3319
1624
2117
3013
947
2807
2396
3889
4410
3439
2584
2874
4604
3066
2956
4027
3119
3547
3852
3481
3976
3287
3591
4189
3718
2086
3209
1049
4061
1398
2563
3410
4089
3434
1093
2281
1547
4319
2255
3213
2214
4083
3311
4508
3153
4231
2355
3584
4310
859
4092
3231
914
3524
862
4530
2243
3341
3322
2670
1591
4570
2883
1489
4480
3023
1633
4573
4138
3758
2796
4637
4667
3747
2575
2642
4158
4147
4258
1360
3444
2022
3497
1490
1693
3438
2944
4305
1782
3440
3035
4617
3817
3165
3967
3815
4515
4525
2433
2974
3568
3232
4385
2622
1715
4633
2290
2946
3370
2738
2728
4024
1276
3521
1359
2066
4398
1609
2495
4299
3569
1710
3276
3337
3206
2969
1893
2852
563
1959
4015
3508
2334
1346
2622
1822
2850
2934
1993
2222
1369
2200
3378
4031
1443
3903
2323
4744
3607
2481
4058
2914
4338
3925
2781
3602
3586
3285
1829
2999
4230
1468
686
4281
3838
3961
4055
2411
2330
3347
1787
3944
1457
2837
3746
2753
3501
2683
1752
1617
3511
3408
4150
1877
2719
4247
4006
2403
4273
1000
3652
1266
3105
3870
1076
4332
3130
3790
2424
3175
1700
3706
3183
4718
4337
781
3903
1730
1714
1718
1169
3245
4070
3844
1417
1824
3362
2221
939
3024
3906
2079
3131
3557
2520
3147
2030
1991
4160
3789
3551
3846
4754
4714
3280
2961
4338
3982
3895
2551
3954
3016
3182
1830
3293
4106
2578
4435
3104
3934
4713
1960
4342
4597
4569
4887
2857
789
2661
3459
3200
2077
1247
4010
3042
4324
1167
4817
3729
4336
2505
3495
4187
3760
3554
4574
1775
2075
4038
4585
3064
3877
3326
4502
2767
4204
2060
1742
4051
3865
4220
3431
3615
2549
2514
4356
3209
4836
1887
3346
4911
2088
2617
3216
3549
4365
4885
2352
2688
4899
3640
3261
4504
2396
1718
4051
2049
2120
2386
1891
1019
1483
3414
2088
4582
1715
2496
2171
3308
1681
3544
4619
3716
1871
3353
3529
3523
4196
4156
2868
4755
4285
4502
3229
2316
2340
1980
4497
4161
4793
1679
3002
1593
1357
3299
4573
3771
2985
2018
3034
2079
4992
4007
3649
1491
3011
3818
3917
4555
2507
2684
2586
1931
2772
4117
3904
3460
4000
4874
4241
2214
842
2812
4710
4994
3392
3456
3097
4943
3600
4847
4438
4409
3371
4763
4897
4093
3433
3117
3418
533
2064
3850
4508
3050
2655
2593
4915
2331
4940
4001
3976
1750
3150
4986
3016
2602
2935
2886
1719
4798
2150
3683
4052
1897
4833
1808
4293
2066
776
5008
4921
865
4505
2843
4847
3245
4640
5076
4013
3944
3749
3106
2291
2053
1462
4469
4328
2522
4967
1948
1637
2740
4443
3762
1905
3197
1119
1660
4199
3210
4702
3091
2569
2219
3074
3575
2444
4867
4643
4936
2264
3059
2025
3885
3910
2838
2121
2793
3661
1745
4965
3076
2807
2700
2174
4912
759
3472
3339
4447
2956
4307
4630
3921
4394
2198
4995
2252
2681
4433
2149
4016
2915
1270
4453
3190
3228
2996
3084
2110
4157
2071
2193
2715
3825
1116
1550
5024
4948
3744
4233
4201
2195
3193
2794
2195
4102
3731
4768
3905
2212
3665
4821
4001
4120
3624
4451
2825
2897
4386
3070
1538
2145
3837
1941
4052
2151
4940
3056
3265
1663
4011
4960
3492
3446
2627
3102
4376
3238
4088
1448
3856
3723
2082
2470
2954
670
5009
2924
4218
4804
3826
3443
4563
4732
4495
3974
2169
1156
3201
2755
4534
2223
3399
1754
4624
3072
1807
3024
2298
3249
3509
2851
1832
3638
2875
4108
4161
3142
4824
4303
1999
4226
1471
3812
3489
2571
3414
3166
2611
3048
5130
4153
3317
2548
3782
1591
4458
2053
5231
5120
4836
4626
3184
5179
3444
2509
3257
5014
2887
4560
2774
4747
1619
2341
2359
2256
3263
3827
3774
2002
4961
4813
2905
4204
1754
1938
2979
5225
3920
4358
3809
2570
2196
3288
4629
4783
4779
3608
1465
2509
4297
5206
3175
3883
2750
3762
1186
3693
4156
1172
1523
2686
3242
2927
3566
4444
3071
4695
1582
3553
3578
3512
5096
4513
4698
1154
1613
5062
3249
2324
3356
2521
4923
2835
4003
1351
2326
2387
3708
1980
3242
5205
5001
5214
2135
3217
2986
4253
3561
1873
4831
4056
2647
3468
2328
3069
2788
1712
3624
2403
3093
5302
3484
5101
2834
2659
1569
3278
4431
2636
3318
5040
2278
4344
4820
5050
3848
1510
4142
3550
1394
4866
5314
4311
4308
4318
5374
1835
4401
3795
2612
1328
3501
3166
2099
2040
1374
4364
2370
3543
4106
4548
2932
2219
1185
5012
1834
5224
3223
1196
3291
2546
4642
4962
4564
2587
5150
4861
4154
3352
3282
5183
5141
2406
3447
4646
3899
1737
2565
3654
4420
1971
3942
4779
3902
2202
3498
945
3783
5256
2354
2771
3679
5007
2401
2773
3130
3160
3498
1849
4389
3487
1910
5343
5438
2628
4320
2724
4296
4961
3875
4441
5100
3041
2054
4145
4510
3794
3314
3120
3598
4216
4689
3234
5407
2590
2540
2732
3153
5221
3288
3401
5239
1551
1926
2528
3331
2893
3442
3600
2356
5070
2602
2942
4192
4840
3570
2876
4649
4793
3654
3714
4947
5059
3782
3198
4770
4730
2833
4804
2237
2130
4492
4042
4797
4057
1824
5237
5425
5352
3054
4504
4580
4994
3972
4185
4291
4806
4032
2727
4263
4113
1288
4696
1982
5075
2223
1421
5207
5438
1698
5305
2881
4091
2070
4849
3685
4022
4086
4962
3698
4981
3387
4144
3561
4260
759
3185
3764
5489
5323
5355
1947
1779
3745
5541
3488
1286
4977
3616
4770
3803
2015
4988
4220
5061
5330
4132
1817
4880
1528
2254
3544
4697
4066
5580
2215
4612
5310
5209
3270
4759
3973
3358
2460
4833
4691
5047
2007
985
4999
4539
2057
5361
4336
3473
3817
1739
1058
1344
3928
2258
3899
5320
2069
3476
5230
5531
3845
3811
2779
1801
4587
2873
5306
5201
3632
3039
5628
5593
3592
1545
4095
4842
2902
2785
5079
2826
1243
5259
4558
4954
1716
3901
5291
5353
3306
2519
2765
3686
4869
2734
3927
1946
3794
2188
4273
3753
4547
2834
5234
3263
2858
4271
3548
2778
1103
3565
5137
4726
4809
3689
3615
5152
1787
3006
3571
3359
5637
4466
1270
3461
495
1953
2008
1259
1885
5690
3461
4379
4575
2162
3743
3668
2955
3381
4970
1775
4047
3126
4149
4245
4787
2368
3404
4541
3033
4146
5234
2928
2233
3179
5314
2420
2146
3368
5074
5694
4493
4332
2480
1796
3182
2861
4237
2898
3009
4392
1553
2865
5636
3842
4711
3140
2018
4710
3699
2115
4238
1248
5202
5614
4795
2172
4494
4096
1939
5279
1649
2369
5108
1391
3494
5177
2516
4159
3989
5623
1355
5657
2547
3945
4977
4839
2338
5421
3767
1424
4057
4864
3027
2517
5138
3372
3597
3500
5625
5303
2384
3833
4567
4765
5100
4437
4512
2989
3018
5171
2971
5558
5483
2648
2564
4768
3859
3748
3592
3287
4094
4187
786
2253
3912
3061
4325
2876
2740
2413
3611
3695
5369
5292
1732
4670
3028
4443
3741
4982
5093
1908
2985
4176
3339
4413
4854
2776
4163
1628
3895
5008
4663
5588
2682
4515
2577
1503
5397
1341
4534
2260
4729
3376
2667
5280
3844
5329
4064
4439
818
5564
3765
4164
4685
4169
4116
4335
5207
4865
2967
3370
3686
4913
4786
3361
1642
4679
2043
4424
4425
4009
2518
4631
4596
3850
4080
4271
3259
3390
3295
3820
1525
2177
3948
2393
5742
4981
5286
2010
4674
1622
4894
1586
1390
4243
2584
4920
4661
1422
4455
2741
5443
4365
3767
1941
5579
4876
929
5219
2545
4588
5560
2003
5336
5338
4818
5452
4308
2315
3280
2580
4194
1932
1204
5574
4703
2264
5074
3448
4908
1936
5069
4871
4439
2648
4722
5789
2134
5727
5258
3546
4857
5211
4043
2624
2055
4444
5435
5681
5283
5058
5376
803
1934
4353
2084
4803
1491
5841
4657
2986
4616
1229
751
4633
3075
3342
5791
2817
3754
2547
4637
3323
3479
4270
5548
2360
2300
3071
3057
4218
4580
2454
2775
2527
3422
5955
4938
1170
2474
2824
1134
3026
5820
3405
5362
2757
5813
2830
4839
3932
4699
3739
3631
1860
4005
4126
4811
5354
3698
5892
3728
4578
3703
5194
4500
3623
3606
5537
3522
3337
3336
3053
4428
2515
5867
2781
5541
2308
2769
5198
1250
4595
2532
5653
4288
780
3350
4341
3382
5279
4163
3906
5284
2402
2192
5015
4265
3227
2491
4488
4222
4756
5900
5500
2164
5777
4314
5011
5095
1480
4724
3614
5982
3343
1952
4614
2181
2031
1882
2845
5848
5612
3025
5806
5752
3109
4505
5017
4334
4726
4757
2044
4395
2746
5482
3807
1057
4124
2682
5410
5729
5679
4652
4696
4562
5675
4013
1418
3222
5270
4189
3637
3197
4056
1310
5960
4544
4974
4334
3560
5003
2381
5620
799
1610
1763
3814
4279
2043
2880
5299
4212
5903
5318
1947
5514
3979
3123
3070
4485
5432
2464
3519
5439
3485
4059
5987
5250
4122
5822
2749
2067
4078
4777
1950
4357
2858
5646
2408
2662
6055
1057
3662
2734
3159
3853
5162
1116
4253
1652
1620
4856
2332
3266
2284
4885
4196
1386
1109
6113
1932
4500
5961
5656
2665
6142
5966
4255
5134
1880
5753
4215
2744
3822
5936
5786
5803
4945
4676
4433
2448
3738
5852
3341
6172
5725
5209
2536
3781
4698
1613
3365
6145
4672
2850
3121
3465
1460
2640
2166
4607
4290
3483
3000
5665
4006
3462
2039
5542
3558
1173
1397
5402
5779
4775
3613
2891
1630
6158
3087
5942
2840
5774
2515
5753
6209
5023
4908
6135
4543
4407
4394
5981
2102
1852
6040
5839
2898
5401
5954
3345
2844
4925
4535
2632
4755
3869
4185
2754
6036
5896
5305
5418
6191
6049
3690
4162
3103
3298
3709
3840
6245
2429
5186
6122
5634
5519
5618
2670
2441
1872
3362
5313
1655
6204
3441
1890
1668
5423
3213
5517
1345
4987
6133
3542
1485
3355
4201
4186
6225
4884
4111
4683
5824
2505
2238
3928
3973
3486
4812
4345
5502
1888
3941
5583
3791
4615
5404
5868
6223
4556
5949
5178
5688
5690
4280
6164
5922
6065
3458
2166
5947
4906
3846
3353
5724
3653
4529
4158
4143
2318
2770
6313
4911
4627
4873
1505
3891
2737
5598
5265
3012
5670
4256
3995
5652
6134
3765
2378
2882
2743
2471
5000
1755
3046
1979
3068
1863
4493
4011
2673
4919
3435
4018
4797
6052
2979
5453
3725
5726
3766
4350
1341
2488
3849
4127
1207
4848
5799
5099
6380
4685
4284
5077
2479
5615
6249
4197
3483
3430
2161
5952
4034
4221
5085
3580
4831
5432
5042
3081
1589
4339
3994
3645
4494
4857
4251
3800
4102
6198
5566
4329
5117
3090
2896
2879
3449
3292
4906
4860
5516
6209
4343
3768
3666
3239
3151
2948
6318
5302
3991
6388
4620
5119
5704
5549
5485
5800
6024
6005
4130
6122
3824
4477
4678
3413
3320
3921
5803
5500
2319
4794
3927
5998
4152
4180
4340
5603
5411
5736
3380
6229
5150
1001
2521
5574
5287
2078
2664
6427
1760
6225
2826
5431
6150
6346
5525
2906
4062
5185
2707
1338
3547
1046
4108
4858
6078
5495
2209
6093
4952
3433
2533
6493
5471
3133
6202
4604
1016
1687
6472
4203
4081
3407
3041
5837
6197
5639
5752
5789
5957
4850
2878
4750
3233
2438
2933
2103
6403
3577
4593
4641
2929
6027
3003
5513
4675
5006
5338
3634
5112
4412
3532
1770
1020
1761
2722
6518
5899
5139
2960
1451
1296
4702
4492
4286
2496
4251
2502
3091
3802
1537
3118
6115
5609
6163
6312
4044
6044
6071
3445
2694
2446
2235
4154
2305
6406
2539
5267
5251
3003
4215
2766
2943
1713
6263
4340
4888
3831
5667
3923
5650
1813
4851
3490
4752
4292
4068
5012
6506
4414
2598
1690
4351
3449
3673
3759
5395
5347
5023
806
5303
1055
4130
5643
1785
6408
4899
3589
5381
2775
4716
3933
5330
2345
3627
5735
4552
3806
1107
3868
5678
1393
1130
5582
5562
2757
3572
4081
5261
4937
4127
4747
1191
6390
3019
4475
5459
5533
4697
2813
6023
2624
5099
740
3826
6565
5661
3176
3115
3234
3665
6173
4731
5252
2663
3033
3329
4677
4380
5484
1645
1773
2383
5392
3796
3138
2790
6407
3924
5143
4808
1957
5842
4038
5547
2991
3281
1539
3114
4568
5658
6021
6305
4139
3292
3385
5684
1130
2344
4098
2586
2597
5989
2399
2473
5327
2353
4348
3996
4746
4662
5694
5862
1880
3185
4663
2156
3793
6684
6523
4235
2410
2709
3986
2644
6174
3480
3663
2114
6025
1479
5723
1758
4166
6644
5230
2750
2843
4063
5171
3308
3932
2514
3312
6156
2561
723
1993
6012
3657
3096
5034
2032
3813
4806
6579
3556
4363
3109
3106
2613
2153
5439
5898
5381
2441
5603
3455
6184
6624
2085
4998
2574
2666
4039
5323
5464
4259
6761
6570
3124
3381
4915
5797
6746
5828
6732
6248
2788
4191
4623
3860
4228
5723
6446
2709
5076
2603
2809
2777
3100
2872
4522
5176
3896
6707
3643
6479
5335
6610
3717
2466
4413
1861
4835
6558
4683
5557
5743
3261
3349
5543
3164
4980
3495
1686
3839
4934
6398
825
2511
2907
3876
5235
4042
4129
3570
6562
2640
5295
4298
6054
1694
2875
1999
2842
6802
6405
5086
6320
5953
5835
5533
1851
3238
4484
3533
4802
6763
2450
3409
2840
2389
6213
2434
3152
6526
3623
5647
5334
4383
3696
3137
6697
4331
5805
5188
5458
6003
5857
5573
4018
1922
2659
6247
5896
1892
3612
4317
2814
4622
6313
3158
4597
6003
1740
1727
6611
3663
6243
4952
6477
6308
4200
6412
2618
5097
4372
6639
4858
3005
1308
1636
5866
5934
2542
3735
5466
4397
2884
2507
6657
3265
2006
4992
4459
5674
5755
2461
5384
5600
3020
4097
6102
3660
1204
6362
6640
3820
4680
4275
4463
3924
3967
952
4674
5597
6793
4905
4595
6948
6031
6896
6104
1992
3574
1080
3969
3244
4213
6187
3769
5496
3856
5734
3395
966
2921
3666
1473
5852
6529
2325
5691
3862
6594
4524
2969
4822
2801
2330
5598
2705
1184
3911
1286
4714
5801
4383
3581
6305
5570
4372
6312
2536
6458
6850
5912
5678
2833
4017
3127
1526
6216
3441
6337
3964
5153
4134
4603
5483
4235
2803
2187
5172
2639
4454
4554
4704
5787
5732
6221
4059
4883
2040
5044
3284
6722
6087
4086
6311
2132
3174
3648
3348
2644
2657
4990
5832
6448
6403
2249
5454
6367
4378
5874
5264
2995
4151
4118
7006
4272
3256
5979
5463
3137
2822
4490
6971
5986
6441
2089
5834
1080
4740
4456
4371
4514
4408
4256
5363
2133
6619
4945
6417
5468
6831
5075
5554
1414
4542
2322
4265
4757
3945
7053
2366
5120
2731
6952
6291
4327
3431
4016
6231
2908
6700
2286
3894
6273
3580
2009
3252
2373
4021
5688
4933
5716
4118
5036
3940
4682
5214
6394
1556
3126
2036
6780
1968
1759
4301
2319
5804
4701
6327
4725
5994
3752
5854
1703
3622
2611
3529
5112
6414
1055
6308
4236
7092
5709
4762
4984
4854
4949
1641
5556
4456
3145
6174
6413
6813
5707
3294
3884
5106
2950
1363
1475
2296
6677
6471
5216
1857
3585
6526
3916
2619
3992
4055
4184
1467
5844
5237
6411
3640
3043
6825
6782
1731
4317
4765
2338
2795
3470
7017
6981
3393
3395
4323
6437
4812
6535
6966
3930
3351
2976
4963
3220
4486
5263
3136
2913
5092
3017
4385
5057
2255
1388
6681
4283
6194
3407
4473
6131
4150
5686
4771
6323
2036
2972
6118
5346
4738
5546
6125
5995
2350
5865
1933
5718
6769
7205
1882
6664
3943
2109
2675
5840
4678
6022
4586
5970
5236
5108
3861
4781
6641
5373
5940
5451
4785
7131
4535
1736
6656
6592
4728
6161
5449
6300
5925
4916
4199
5175
7229
6390
3959
3388
5203
4159
5569
6073
3143
5956
1497
4478
2543
3981
6380
7183
6538
5366
3669
4168
4248
4135
1109
3095
3779
4642
3913
5992
4009
6658
7173
1869
3195
7299
3203
5504
3307
3325
6600
6144
3383
3936
2017
1695
2952
5315
2236
4827
3205
6600
3045
2564
4644
1625
4315
4087
5182
4608
5715
6274
7158
6574
6753
2963
6438
3178
6828
6346
6932
7197
6491
5067
3397
5241
3426
7312
1050
4694
4461
4553
5978
6736
7248
5618
1768
2276
5271
2674
1793
1088
4203
5045
3739
3831
6246
7038
5568
5608
6890
6651
2274
6449
1954
5832
4767
5531
2853
5471
2104
6648
5380
3282
2476
3490
5373
3030
6912
5098
4586
7296
6712
5657
3772
3614
5738
1273
4396
7170
3569
6834
1974
3364
5079
5428
3154
4636
2993
1306
1540
6425
6543
7067
4560
5376
4089
7025
5509
2317
2510
4457
7366
6664
5430
4554
7267
4791
4743
5737
6766
4778
6900
3309
3780
5973
4886
4738
5456
2908
3770
3037
4519
3028
3424
7078
2245
2679
6987
6307
5764
5497
1244
6045
3096
2883
2849
5042
4219
4958
6284
3508
5796
3269
4206
5273
5333
3947
4951
5288
6284
2282
7164
2604
1956
4155
2592
6571
3823
2933
4976
1843
5069
6155
870
3076
3048
4224
2888
7040
6424
4773
2329
7343
5309
3743
6335
5169
2192
6299
5484
2730
5809
3475
2973
6327
3636
4318
3118
6157
5905
1445
3588
5974
5953
5085
3700
3938
3471
4653
3646
6877
3224
3507
2932
4179
6498
6742
7289
3890
5709
6567
3333
6675
3548
5213
7077
5826
3528
4181
4614
5860
7357
4114
4712
5497
5619
6183
6275
6023
6309
3469
2929
6353
4632
6431
2855
2358
4368
6605
6890
7424
1332
3998
1377
5204
7554
1617
5277
3609
3604
4395
2297
6057
7471
2406
5192
2235
4551
5339
1593
3278
3074
3882
5817
5625
5992
6495
2770
2524
3991
7231
5389
3789
5125
4811
2529
5032
4418
3467
5211
7141
5022
5846
5448
6157
6458
2925
7529
5703
6512
5985
2276
3577
4434
6386
7105
3286
6256
6539
5464
5440
6383
5378
7589
5863
7481
5553
5342
1588
4319
2668
4929
5983
5231
5224
6309
4117
5771
3301
6117
5247
3840
6735
5825
3236
5508
6704
6997
4453
7397
6917
4958
3662
1280
6451
6796
3474
3517
4026
6244
7225
5941
5584
7069
2695
3211
2154
4539
5013
4309
3888
4463
6001
5312
3110
4741
6968
6260
4285
2685
4964
5951
3465
1559
5296
6260
4596
7413
3474
2239
5038
4969
6614
1496
2582
4835
7564
6615
4719
5576
2503
6795
5191
2397
5935
7590
5668
6175
6976
5605
6982
6878
6754
4766
2804
2552
6532
6014
5487
3302
2791
7121
7508
4703
3270
3312
7304
7668
3962
4810
4415
6472
7569
4721
2938
4881
6018
6081
5272
4609
1368
5168
6106
6055
4025
6659
4801
3305
6166
3317
4247
5669
7245
5458
3828
4963
6392
3632
6195
1010
5910
4386
5492
6676
2400
3199
7261
5124
3084
4320
6236
5000
5138
4053
7718
5749
4003
5151
4869
5204
2615
5940
2295
5798
1990
6665
1879
5860
4096
3145
3740
1563
7101
6778
2149
2728
7166
2981
6168
6421
7454
7168
2671
5413
6575
2191
5965
6372
6830
7687
5410
7371
3426
1954
6128
3593
1520
7194
1815
5612
4209
5841
5199
7553
4454
7503
7687
4566
5818
4294
2794
5686
4179
5748
5203
3722
6572
5765
3505
5193
7152
7553
3240
5819
5035
4828
4956
4040
5631
6042
4143
7797
3639
3176
5235
3715
7453
7449
4853
4290
7548
4193
4304
4823
2814
4541
1845
7148
5091
5418
5986
4136
3169
6939
5937
6837
3332
4871
7186
5240
4815
5504
5147
4545
2725
4829
6301
3834
5501
6554
2348
7460
7003
5815
6272
6633
2051
5816
5745
7814
2959
3586
7575
7119
4360
4711
6326
6268
2733
3356
2708
3854
7192
7045
7195
2787
2539
3499
6871
5021
7894
4905
6775
7590
4849
2620
4882
4393
7006
3001
5869
4140
7352
980
3393
6608
4528
5334
5565
4648
6541
7620
4367
5238
4900
7679
6636
4736
4485
6258
6818
2356
2780
7649
7149
7159
5955
2295
3713
1606
5948
758
3000
4837
3129
7361
5378
5034
7020
7505
2926
3798
4550
6239
5316
5336
2684
7308
4927
4660
5326
3125
5887
6816
5654
6424
3460
7106
6759
617
5553
3065
6386
5843
7785
6924
1292
5850
7748
4965
6999
6410
6290
4286
6352
3247
6851
4721
1499
1761
4495
5210
1975
6690
2694
7732
6034
3732
3327
7822
7193
5182
3798
6577
5725
4312
4164
3359
2966
6369
5905
3125
1232
6342
5875
4216
4110
7300
4553
5561
7555
3320
7453
2747
6215
4210
6789
7591
4707
7067
5907
6838
5747
6163
5751
7096
7598
7994
6688
7047
6667
3572
4741
7993
3946
7749
5368
4440
5535
5278
5140
3256
6559
6413
4523
3670
7597
4351
2346
2125
6963
6782
7028
8025
7944
5383
4298
5143
7757
7058
4369
3557
3283
6680
6708
7029
4985
7328
4224
3330
6091
6015
3905
3300
4507
6271
6749
4384
5805
7804
5340
2345
7068
7903
7300
6422
2551
5830
2679
6976
2900
5257
4660
6944
4751
3814
6199
5104
3047
7097
7509
3454
7350
5643
2992
5508
668
6075
7919
3457
2335
7578
5927
5590
6990
1143
5552
3526
7954
7801
5820
7724
3154
6745
6283
7176
4264
5921
3707
3776
4763
6240
5320
6775
7837
5155
2072
6369
4306
4606
7986
8116
4188
3014
7027
4907
5918
5345
6139
1695
7766
6531
3802
3872
7452
1944
2715
6705
7907
7393
4459
2846
4549
6800
3670
7631
1147
2446
4067
7446
6512
4791
6276
5913
5266
7672
6898
6511
6414
7481
5340
4942
7471
2562
4461
7010
5754
3019
4268
3951
5059
3748
4171
6102
4422
2344
3620
4883
6538
3103
6720
7643
6419
4893
4881
4243
7624
6295
7495
7440
7812
5310
5708
4720
4686
6756
7579
4382
3612
2783
7345
3667
3916
4464
4048
5501
5442
5756
2357
4621
8085
3208
3438
3836
2250
3304
2126
6077
1374
6984
6893
6620
3941
7674
6478
2894
6909
7518
7211
3022
2796
5462
3170
4928
7341
7238
5984
5901
6734
4027
7136
6545
2574
4234
2970
6475
3060
6880
4931
4194
2874
8278
4415
7262
4713
4072
2756
4681
5530
4748
1608
5597
7155
1808
4021
7488
7362
5028
6957
4075
1275
2257
5617
3641
7279
2603
4616
806
6474
7175
3685
4432
2884
754
4126
4041
7704
7308
5127
7713
6959
7426
4579
4575
7920
5957
8048
7121
4232
6350
3039
2862
6240
7978
2899
8336
2768
5467
5573
8209
2953
4387
4403
2978
5169
3816
5945
5421
5604
4694
3761
7085
2265
2068
7762
3993
4324
7200
4388
6792
3892
6304
7555
7584
5472
7477
4788
4522
3296
6446
3966
4783
6096
6874
5222
1675
4488
7558
5692
1386
7408
6281
5131
6477
1406
6855
5897
5021
6829
7940
8396
3956
3960
4813
6453
8253
7617
8373
6688
7894
5407
7807
3610
1062
7152
6051
3667
3371
3295
5733
5437
7409
257
